1.000	41
1.100	61
1.200	74
1.300	68
1.400	72
1.500	78
1.600	97
1.700	74
1.800	88
1.900	104
2.000	86
2.100	116
2.200	105
2.300	103
2.400	104
2.500	112
2.600	112
2.700	146
2.800	119
2.900	101
3.000	96
3.100	115
3.200	128
3.300	125
3.400	103
3.500	122
3.600	134
3.700	146
3.800	129
3.900	153
4.000	163
4.100	180
4.200	174
4.300	151
4.400	158
4.500	169
4.600	186
4.700	204
4.800	197
4.900	195
5.000	191
5.100	195
5.200	174
5.300	171
5.400	149
5.500	168
5.600	168
5.700	138
5.800	151
5.900	127
6.000	109
6.100	113
6.200	111
6.300	121
6.400	120
6.500	119
6.600	86
6.700	118
6.800	93
6.900	96
7.000	116
7.100	81
7.200	96
7.300	93
7.400	90
7.500	86
7.600	95
7.700	83
7.800	97
7.900	113
8.000	92
8.100	103
8.200	87
8.300	86
8.400	109
8.500	88
8.600	104
8.700	101
8.800	106
8.900	104
9.000	104
9.100	104
9.200	118
9.300	93
9.400	118
9.500	114
9.600	109
9.700	102
9.800	100
9.900	95
10.000	98
10.100	98
10.200	110
10.300	95
10.400	100
10.500	90
10.600	95
10.700	92
10.800	78
10.900	89
11.000	72
11.100	95
11.200	81
11.300	66
11.400	98
11.500	86
11.600	81
11.700	70
11.800	58
11.900	84
12.000	84
12.100	71
12.200	70
12.300	71
12.400	73
12.500	72
12.600	65
12.700	58
12.800	66
12.900	78
13.000	93
13.100	124
13.200	183
13.300	227
13.400	226
13.500	152
13.600	76
13.700	47
13.800	44
13.900	52
14.000	55
14.100	51
14.200	43
14.300	46
14.400	48
14.500	53
14.600	40
14.700	41
14.800	41
14.900	40
15.000	45
15.100	42
15.200	41
15.300	41
15.400	43
15.500	40
15.600	39
15.700	59
15.800	51
15.900	57
16.000	57
16.100	75
16.200	77
16.300	70
16.400	52
16.500	43
16.600	30
16.700	26
16.800	42
16.900	49
17.000	43
17.100	43
17.200	42
17.300	39
17.400	28
17.500	38
17.600	58
17.700	75
17.800	90
17.900	77
18.000	46
18.100	37
18.200	31
18.300	45
18.400	37
18.500	27
18.600	35
18.700	39
18.800	38
18.900	31
19.000	28
19.100	42
19.200	39
19.300	49
19.400	79
19.500	71
19.600	50
19.700	30
19.800	36
19.900	36
20.000	37
20.100	26
20.200	35
20.300	26
20.400	42
20.500	41
20.600	35
20.700	28
20.800	25
20.900	31
21.000	60
21.100	76
21.200	74
21.300	88
21.400	88
21.500	63
21.600	65
21.700	92
21.800	73
21.900	49
22.000	37
22.100	34
22.200	24
22.300	42
22.400	29
22.500	33
22.600	28
22.700	30
22.800	35
22.900	21
23.000	29
23.100	30
23.200	32
23.300	38
23.400	27
23.500	28
23.600	34
23.700	26
23.800	50
23.900	25
24.000	37
24.100	49
24.200	26
24.300	39
24.400	30
24.500	29
24.600	43
24.700	28
24.800	40
24.900	36
25.000	38
25.100	37
25.200	50
25.300	42
25.400	42
25.500	50
25.600	38
25.700	42
25.800	38
25.900	35
26.000	35
26.100	28
26.200	28
26.300	30
26.400	39
26.500	29
26.600	35
26.700	51
26.800	52
26.900	39
27.000	40
27.100	32
27.200	37
27.300	31
27.400	29
27.500	43
27.600	38
27.700	33
27.800	36
27.900	42
28.000	29
28.100	36
28.200	48
28.300	46
28.400	47
28.500	44
28.600	51
28.700	46
28.800	38
28.900	37
29.000	36
29.100	28
29.200	28
29.300	31
29.400	38
29.500	29
29.600	33
29.700	28
29.800	36
29.900	45
30.000	30
30.100	34
30.200	29
30.300	32
30.400	33
30.500	33
30.600	32
30.700	39
30.800	25
30.900	34
31.000	35
31.100	32
31.200	35
31.300	25
31.400	32
31.500	36
31.600	34
31.700	23
31.800	35
31.900	45
32.000	27
32.100	24
32.200	31
32.300	22
32.400	25
32.500	33
32.600	25
32.700	32
32.800	25
32.900	22
33.000	36
33.100	35
33.200	29
33.300	42
33.400	41
33.500	23
33.600	26
33.700	20
33.800	22
33.900	21
34.000	30
34.100	26
34.200	36
34.300	28
34.400	26
34.500	26
34.600	31
34.700	34
34.800	28
34.900	33
35.000	34
35.100	32
35.200	32
35.300	27
35.400	31
35.500	29
35.600	29
35.700	40
35.800	30
35.900	31
36.000	32
36.100	15
36.200	23
36.300	22
36.400	20
36.500	21
36.600	23
36.700	22
36.800	20
36.900	20
37.000	21
37.100	26
37.200	20
37.300	12
37.400	24
37.500	19
37.600	21
37.700	20
37.800	22
37.900	27
38.000	19
38.100	25
38.200	10
38.300	16
38.400	19
38.500	14
38.600	10
38.700	20
38.800	24
38.900	14
39.000	22
39.100	26
39.200	14
39.300	27
39.400	31
39.500	23
39.600	33
39.700	33
39.800	22
39.900	27
40.000	18
